idle1: (46, 11, 224, 245)
idle2: (315, 16, 482, 245)
idle3: (562, 19, 725, 245)
idle4: (809, 19, 969, 245)
walk1: (25, 260, 196, 504)
walk2: (275, 262, 442, 504)
walk3: (515, 262, 682, 504)
walk4: (731, 262, 895, 504)
walk5: (957, 254, 1108, 502)
walk6: (1177, 254, 1346, 502)
attack1: (35, 538, 303, 763)
attack2: (312, 494, 514, 763)
attack3: (557, 553, 983, 757)
hurt1: (1000, 562, 1172, 755)
dead1: (1205, 537, 1429, 751)
jump1: (29, 836, 174, 1054)
jump2: (226, 762, 410, 996)
jump3: (428, 813, 616, 1012)